[gd_scene load_steps=4 format=3 uid="uid://gynpel7qpjrr"]

[ext_resource type="Script" path="res://turntable.gd" id="1_0wb5i"]
[ext_resource type="Script" path="res://camera_rig.gd" id="3_p5mvp"]
[ext_resource type="PackedScene" uid="uid://c7046xwmvyna6" path="res://model/model.glb" id="3_qtjtw"]

[node name="main" type="Node3D"]

[node name="turntable" type="Node3D" parent="."]
script = ExtResource("1_0wb5i")

[node name="model_container" type="Node3D" parent="turntable"]

[node name="model" parent="turntable/model_container" instance=ExtResource("3_qtjtw")]

[node name="camera_rig" type="Node3D" parent="."]
script = ExtResource("3_p5mvp")
camera_distance = 3

[node name="camera_arm" type="Node3D" parent="camera_rig"]
transform = Transform3D(1, 0, 0, 0, 0.939693, 0.34202, 0, -0.34202, 0.939693, 0, 0, 0)

[node name="camera" type="Camera3D" parent="camera_rig/camera_arm"]
transform = Transform3D(1, 0, 0, 0, 1, 0, 0, 0, 1, 0, 0, 3)

[node name="cam_light" type="DirectionalLight3D" parent="camera_rig/camera_arm/camera"]
transform = Transform3D(0.646883, 0.39527, -0.652153, -0.260821, 0.918287, 0.29786, 0.716599, -0.0225857, 0.697119, -3.83716, -1.98567, -2.48561)
light_energy = 0.7
shadow_enabled = true

[node name="stage_light" type="DirectionalLight3D" parent="."]
transform = Transform3D(0.646883, 0.39527, -0.652153, 0, 0.855183, 0.518326, 0.762589, -0.335296, 0.553204, -3.83716, 5.60313, 1.16251)
light_energy = 0.4
shadow_enabled = true
